|       Вид φ(х)       |       Линейная       |    Полиномиальная    |   Экспоненциальная   |   Логарифмическая    |      Степенная       |
--------------------------------------------------------------------------------------------------------------------------------------------
|         X|Y          |      F = ax + b      |  F = ax^2 + bx + c   |     F = ae ^ bx      |    F = a + bln(x)    |       F = ax^b       |
|       1.2|8.69       |        7.8208        |        8.5547        |        8.3584        |        8.0472        |        8.7050        |
|      1.25|7.78       |        7.3271        |        7.6940        |        7.5414        |        7.4425        |        7.6841        |
|       1.3|6.81       |        6.8334        |        6.9001        |        6.8042        |        6.8615        |        6.8161        |
|      1.35|6.06       |        6.3396        |        6.1728        |        6.1391        |        6.3024        |        6.0737        |
|       1.4|5.23       |        5.8459        |        5.5123        |        5.5390        |        5.7636        |        5.4348        |
|      1.45|4.92       |        5.3521        |        4.9185        |        4.9976        |        5.2438        |        4.8822        |
|       1.5|4.34       |        4.8584        |        4.3914        |        4.5091        |        4.7416        |        4.4017        |
|      1.55|4.11       |        4.3647        |        3.9310        |        4.0683        |        4.2558        |        3.9820        |
|       1.6|3.69       |        3.8709        |        3.5374        |        3.6707        |        3.7855        |        3.6138        |
|      1.65|3.32       |        3.3772        |        3.2104        |        3.3118        |        3.3296        |        3.2895        |
|       1.7|3.03       |        2.8835        |        2.9502        |        2.9881        |        2.8874        |        3.0027        |
|      1.75|2.67       |        2.3897        |        2.7567        |        2.6960        |        2.4579        |        2.7481        |
|       1.8|2.51       |        1.8960        |        2.6298        |        2.4325        |        2.0406        |        2.5214        |
--------------------------------------------------------------------------------------------------------------------------------------------
|          S           |        2.4520        |        0.2244        |        0.3139        |        1.4553        |        0.0869        |
|        Sigma         |        0.4343        |        0.1314        |        0.1553        |        0.3345        |        0.0817        |
|          a           |        -9.874        |        13.342        |        98.685        |        10.748        |        15.196        |
|          b           |        19.670        |        -49.90        |        -2.057        |        -14.81        |        -3.055        |
|          c           |                      |        49.224        |                      |                      |                      |
--------------------------------------------------------------------------------------------------------------------------------------------
Наилучшая апроксимирующая функция: Степенная